NO WHERE TO GO! 
{0, 1, 2, 3, 4, 5, 6, 7, 8, 9, 10, 11, 12, 13, 14, 15, 16, 17, 18, 19, 20, 21, 22, 23, 24, 25, 26, 27, 28, 29, 30, 31, 33, 34, 35, 36, 37, 38, 39, 40, 41, 42, 43, 44, 45, 46, 47, 48, 49, 50, 51, 52, 53, 54, 55, 56, 57, 58, 59, 60, 61, 62, 63, 64, 65, 66, 67, 68, 69, 70, 71, 72, 73, 75, 77, 78, 79, 80, 81, 82, 83, 84, 85, 86, 87, 88, 89, 90, 91, 92, 93, 94, 95, 96, 97, 98, 99, 100, 101, 102, 103, 104, 106, 107, 109, 110, 111, 112, 113, 114, 115, 116, 117, 118, 119, 120, 121, 122, 123, 124, 125, 126, 127, 128, 130, 131, 132, 133, 134, 135, 136, 138, 139, 140, 141, 142, 143, 144, 145, 146, 147, 148, 149, 150, 151, 152, 153, 154, 155, 156, 157, 159, 160, 161, 162, 163, 165, 166, 169, 170, 172, 173, 174, 175, 176, 177, 178, 179, 181, 182, 183, 184, 185, 186, 188, 189, 191, 192, 193, 195, 196, 197, 198, 199, 200, 201, 202, 203, 204, 205, 206, 208, 210, 211, 212, 214, 215, 218, 219, 220, 221, 223, 224, 228, 229, 230, 231, 232, 233, 234, 237, 238, 239, 240, 241, 242, 243, 244, 245, 246, 247, 248, 249, 250, 251, 252, 253, 254, 255, 256, 257, 259, 261, 262, 264, 265, 267, 268, 269, 270, 272, 273, 275, 276, 277, 278, 279, 280, 281, 282, 283, 284, 285, 286, 287, 288, 289, 290, 291, 292, 293, 294, 295, 296, 298, 300, 302, 304, 305, 306, 307, 308, 309, 311, 313, 315, 316, 317, 318, 319, 320, 321, 322, 323, 324, 325, 326, 327, 328, 329, 330, 331, 332, 334, 335, 336, 337, 338, 340, 341, 342, 343, 344, 345, 346, 348, 349, 350, 351, 353, 354, 357, 359, 360, 361, 362, 363, 364, 366, 369, 370, 371, 373, 374, 376, 377, 378, 380, 381, 382, 383, 384, 385, 386, 387, 388, 389, 390, 391, 392, 394, 395, 396, 398, 401, 402, 403, 406, 407, 408, 409, 410, 411, 412, 415, 416, 417, 418, 420, 421, 422, 423, 424, 425, 426, 427, 428, 429, 430, 431, 434, 435, 438, 439, 440, 441, 442, 443, 444, 445, 446, 448, 451, 452, 453, 454, 455, 456, 458, 459, 460, 461, 463, 464, 466, 467, 468, 469, 471, 472, 474, 475, 476, 477, 480, 481, 483, 485, 487, 488, 489, 490, 491, 495, 496, 497, 498, 499}

unvisited verts: 
[494, 492, 493, 457, 484, 482, 486, 479, 465, 414, 400, 478, 393, 437, 355, 433, 404, 339, 367, 462, 368, 436, 447, 365, 399, 419, 413, 375, 347, 312, 372, 258, 314, 470, 301, 333, 358, 397, 449, 432, 405, 356, 299, 263, 236, 266, 379, 274, 227, 187, 303, 352, 450, 473, 310, 271, 216, 260, 226, 222, 194, 167, 171, 297, 217, 213, 180, 235, 225, 190, 108, 168, 207, 209, 164, 158, 105, 129, 137, 76, 74, 32]


# in unvisited - 
    # backwards trace (end to start)- 
    break-at-81-path = [492, 400, 399, 358, 397, 333, 365, 414, 447, 303, 352, 187, 301, 167, 108, *81, 137, 168, 171, 207, 297]
        direction options: 
            n: 137  not visited
            s: 92   visited
            e: 45   visited
            w: 108  not visited

    break-at-156-path = [494, 457, 355, 312, 347, 437, 375, 393, 413, 478, 493, 419, 299, 356, 405, 432, 473, 449, 450, 263, 372, 433, 236, 258, 216, 213, 217, 271, 310, 209, *156]
        direction options: 
            s: 209  unvisited
            e: 149  visited
            w: 177  visited

    break-at-220-path = [484, 482, 404, 339, 314, *220]
        direction options: 
            n: 230  visited
            e: 215  visited
            w: 314  unvisited

    break-at-344-path = [486, 462, 367, *344]
        direction options: 
            n: 359  visited
            e: 230  visited
            w: 367  unvisited

    break-at-418-path = [479, *418]
        direction options: 
            s: 463  visited
            e: 349  visited
            w: 479  unvisited

# INTERESTING BREAK CASE ***
    break-at-284-path = [465, 368, 436, *284, 470]
        direction options: 
            n: 470  unvisited
            s: 349  visited
            e: 254  visited
            w: 368  unvisited

    break-at-104-path = [379, 266, 260, 226, 225, 105, 129, 190, 222, 274, *104]
        direction options: 
            n: 89   visited
            s: 126  visited
            w: 105  unvisited

    break-at-128-path = [227, 194, *128]
        direction options: 
            s: 162  visited
            e: 92   visited
            w: 194  unvisited

    break-at-126-path = [235, 158, 164, 180, *126]
        direction options: 
            n: 104  visited
            s: 135  visited
            w: 158  unvisited

    break-at-41-path = [76, *41]
        direction options: 
            s: 76  unvisited
            e: 36  visited
            w: 69  visited

    break-at-40-path = [74, *40]
        direction options: 
            n: 74  unvisited

    break-at-19-path = [32, *19]
        direction options: 
            n: 32  unvisited

